<HTML>
<TITLE>University of Wyoming - Radiosonde Data</TITLE>
<BODY BGCOLOR="white">
<H2>47401  Wakkanai Observations at 00Z 01 Aug 2024</H2>
<PRE>
-----------------------------------------------------------------------------
   PRES   HGHT   TEMP   DWPT   RELH   MIXR   DRCT   SKNT   THTA   THTE   THTV
    hPa     m      C      C      %    g/kg    deg   knot     K      K      K 
-----------------------------------------------------------------------------
 1007.0     11   18.8   16.3     85  11.71    150      3  291.4  324.6  293.4
 1006.0     18   18.7   16.2     85  11.62      0      0  291.3  324.4  293.4
 1002.0     48   18.2   15.7     85  11.28    185      6  291.2  323.3  293.2
 1000.0     63   18.0   15.4     85  11.12    185      6  291.1  322.8  293.1
  975.0    279   16.8   14.9     89  11.07    180      8  292.0  323.6  294.0
  939.0    601   14.9   14.3     96  11.00    210     16  293.3  324.9  295.2
  925.0    729   14.2   14.0     99  10.98    215     14  293.8  325.4  295.8
  910.0    867   13.8   13.3     97  10.65    211     11  294.8  325.6  296.7
  904.0    924   14.2   13.5     96  10.89    210     10  295.7  327.3  297.6
  887.0   1085   15.2   14.2     94  11.60    248     15  298.4  332.4  300.5
  884.0   1113   15.0   12.8     87  10.59    255     16  298.4  329.5  300.3
  872.0   1229   14.0    7.0     63   7.25    257     15  298.6  320.2  299.9
  850.0   1445   14.0    6.0     59   6.94    260     14  300.8  321.7  302.1
  849.0   1455   14.0    6.0     59   6.95    260     14  300.9  321.8  302.2
  841.0   1535   15.2    7.2     59   7.63    262     15  303.0  326.1  304.4
  799.0   1968   12.7    6.5     66   7.65    270     17  304.8  328.1  306.2
  794.0   2021   12.4    6.4     67   7.65    270     17  305.0  328.3  306.4
  755.0   2444   11.4   -1.2     41   4.66    270     14  308.4  323.1  309.3
  753.0   2466   11.4   -1.6     40   4.54    264     13  308.6  322.9  309.4
  748.0   2522   11.8   -7.2     26   2.99    250     12  309.6  319.3  310.2
  743.0   2578   11.5   -4.8     32   3.63    235     10  309.8  321.5  310.5
  739.0   2623   11.2   -2.8     37   4.23    239     10  310.0  323.5  310.8
  730.0   2725   12.2  -11.8     18   2.13    247     12  312.2  319.3  312.6
  710.0   2958   10.9   -2.1     40   4.65    265     14  313.2  328.2  314.1
  703.0   3040   10.4    1.4     54   6.06    262     17  313.6  332.9  314.7
  700.0   3076   10.2    0.2     50   5.58    260     19  313.8  331.6  314.8
  685.0   3256    9.6   -1.4     46   5.07    254     18  315.0  331.4  316.0
  677.0   3353    9.6   -9.4     25   2.78    251     17  316.1  325.4  316.6
  626.0   3997    6.5  -24.3      9   0.86    230     12  319.6  322.8  319.8
  625.0   4010    6.4  -24.6      9   0.84    228     12  319.7  322.8  319.9
  618.0   4101    5.9  -25.3      8   0.79    210     14  320.2  323.1  320.3
  608.0   4231    5.1  -26.4      8   0.73    230     12  320.8  323.5  320.9
  590.0   4472    3.7  -28.3      8   0.63    215     10  321.9  324.3  322.1
  529.0   5348   -1.3  -35.3      6   0.36    215     12  326.1  327.5  326.2
  517.0   5532   -2.4  -36.8      5   0.32    235     10  327.0  328.2  327.0
  500.0   5800   -3.9  -38.9      5   0.26    230     12  328.2  329.3  328.3
  497.0   5847   -4.1  -37.8      5   0.30    240     10  328.6  329.8  328.6
  478.0   6153   -5.3  -30.3     12   0.65    265     12  330.7  333.2  330.9
  474.0   6217   -5.8  -30.2     13   0.66    270     12  330.9  333.5  331.1
  422.0   7113  -12.4  -28.5     25   0.87    250     16  333.7  337.0  333.9
  421.0   7132  -12.5  -28.5     25   0.87    252     16  333.7  337.1  333.9
  407.0   7389  -13.3  -20.3     56   1.88    282     21  335.9  342.9  336.3
  401.0   7501  -13.8  -17.4     74   2.45    295     23  336.7  345.6  337.2
  400.0   7520  -13.9  -16.9     78   2.56    305     23  336.8  346.1  337.4
  394.0   7635  -14.1  -15.4     90   2.96    330     23  338.1  348.8  338.7
  393.0   7655  -14.1  -15.1     92   3.03    330     23  338.3  349.2  338.9
  363.0   8254  -18.0  -18.8     93   2.41    320     29  340.9  349.7  341.4
  349.0   8550  -19.9  -20.6     94   2.14    321     30  342.1  350.1  342.6
  339.0   8766  -21.7  -24.2     80   1.60    322     30  342.5  348.6  342.9
  318.0   9237  -24.5  -32.5     47   0.79    323     32  344.9  348.1  345.1
  300.0   9660  -27.9  -33.9     56   0.73    325     33  345.9  348.9  346.1
  298.0   9707  -28.3  -34.2     57   0.71    330     37  346.1  348.9  346.2
  274.0  10299  -33.0  -38.0     61   0.53    325     51  347.7  349.9  347.8
  260.0  10669  -35.9  -40.4     63   0.44    322     50  348.6  350.4  348.7
  252.0  10885  -37.8  -43.5     55   0.32    320     49  348.9  350.3  349.0
  250.0  10940  -38.3  -44.3     53   0.30    320     51  349.0  350.3  349.1
  241.0  11192  -40.1  -45.1     59   0.28    318     54  350.0  351.2  350.0
  200.0  12440  -50.1                         310     70  353.3         353.3
  194.0  12634  -51.1                         310     74  354.7         354.7
  160.0  13859  -57.7                         330     43  363.7         363.7
  153.0  14144  -59.2                         315     41  365.8         365.8
  150.0  14270  -59.9                         315     43  366.7         366.7
  140.0  14701  -61.1                         327     46  371.9         371.9
  138.0  14791  -61.4                         330     47  372.9         372.9
  127.0  15305  -63.2                         325     37  378.7         378.7
  125.0  15404  -63.5                         330     47  379.8         379.8
  124.0  15453  -63.5                         330     45  380.7         380.7
  118.0  15759  -63.4                         315     31  386.2         386.2
  109.0  16248  -63.4                         320     17  395.2         395.2
  104.0  16538  -63.3                         305     27  400.6         400.6
  100.0  16780  -63.1                         330     25  405.5         405.5
   99.0  16842  -63.3                         331     25  406.3         406.3
   91.0  17362  -62.9                         340     23  417.1         417.1
   88.0  17568  -62.7                          25     10  421.4         421.4
   86.0  17710  -62.6                         350     10  424.5         424.5
   84.0  17855  -62.5                           5      8  427.6         427.6
   83.0  17929  -62.4                         345      8  429.2         429.2
   80.0  18156  -62.2                          30      8  434.1         434.1
   79.0  18234  -62.1                           0      4  435.8         435.8
   77.0  18392  -62.0                          15     10  439.3         439.3
   74.0  18637  -61.8                          85      4  444.7         444.7
   70.0  18980  -61.5                         115      2  452.5         452.5
   67.0  19255  -61.1                         250      2  459.1         459.1
   65.0  19445  -60.8                          60      6  463.8         463.8
   64.0  19542  -60.6                          65      4  466.2         466.2
   63.0  19641  -60.4                          20      6  468.6         468.6
   62.0  19741  -60.3                          65     10  471.1         471.1
   61.0  19843  -60.1                          80     10  473.7         473.7
   60.0  19947  -59.9                          50     10  476.3         476.3
   58.0  20159  -59.6                          95      8  481.7         481.7
   56.0  20379  -59.2                          60      6  487.4         487.4
   53.0  20725  -58.7                          70     23  496.4         496.4
   50.0  21090  -58.1                         130     14  506.1         506.1
   48.0  21348  -58.0                         105     16  512.2         512.2
   47.0  21482  -58.0                         105     27  515.4         515.4
   43.4  21986  -57.9                         112     19  527.5         527.5
   42.0  22196  -57.5                         115     16  533.5         533.5
   40.0  22508  -56.9                          95     19  542.5         542.5
   38.0  22837  -56.2                         130     17  552.1         552.1
   36.0  23183  -55.6                          85     12  562.5         562.5
   34.0  23549  -54.9                         105     21  573.6         573.6
   31.0  24140  -53.7                         170      4  592.0         592.0
   30.0  24350  -53.3                          30      8  598.7         598.7
   28.0  24799  -52.5                          95     14  612.8         612.8
   27.0  25036  -52.1                          85     19  620.4         620.4
   26.0  25282  -51.7                         105     21  628.3         628.3
   25.0  25537  -51.2                         110     12  636.7         636.7
   23.0  26080  -50.3                         110     25  654.8         654.8
   21.0  26672  -49.2                         100     17  675.2         675.2
   20.0  26990  -48.7                          90     19  686.3         686.3
   19.0  27328  -48.2                          95     27  698.1         698.1
   18.5  27503  -47.9                                     704.3         704.3
</PRE><H3>Station information and sounding indices</H3><PRE>
                             Station number: 47401
                           Observation time: 240801/0000
                           Station latitude: 45.41
                          Station longitude: 141.68
                          Station elevation: 11.0
                            Showalter index: 11.65
                               Lifted index: 10.63
    LIFT computed using virtual temperature: 10.28
                                SWEAT index: 112.02
                                    K index: 13.90
                         Cross totals index: 9.90
                      Vertical totals index: 17.90
                        Totals totals index: 27.80
      Convective Available Potential Energy: 0.00
             CAPE using virtual temperature: 0.00
                      Convective Inhibition: 0.00
             CINS using virtual temperature: 0.00
                     Bulk Richardson Number: 0.00
          Bulk Richardson Number using CAPV: 0.00
  Temp [K] of the Lifted Condensation Level: 287.75
Pres [hPa] of the Lifted Condensation Level: 950.76
   Equivalent potential temp [K] of the LCL: 323.60
     Mean mixed layer potential temperature: 291.95
              Mean mixed layer mixing ratio: 11.11
              1000 hPa to 500 hPa thickness: 5737.00
Precipitable water [mm] for entire sounding: 31.38
</PRE>
<P>Description of the 
<A HREF="/upperair/columns.html">data columns</A>
or <A HREF="/upperair/indices.html">sounding indices</A>.

<P>
<FORM>
<INPUT CLASS="button" TYPE="button" VALUE=" Close this window " 
 onClick="window.close();">
<INPUT CLASS="button" TYPE="button" VALUE=" Select another map " 
 onClick="window.blur();">
</FORM>
<HR SIZE="1">
<I>Interested in graduate studies in atmospheric science?
Check out our program at the
<a href="http://www.uwyo.edu/atsc/howtoapply/"
target=_top>University of Wyoming
</a></I>
<HR SIZE="1"><FONT SIZE="-1">
Questions about the weather data provided by this site can be
addressed to <A HREF="mailto:ldoolman@uwyo.edu">
Larry Oolman (ldoolman@uwyo.edu)</A></FONT>
<HR SIZE="1">
<SCRIPT TYPE="text/javascript">
<!--
window.focus();
// -->
</SCRIPT>
</BODY>
</HTML>
